$ANSIBLE_VAULT;1.1;AES256
34636238636134336336353039623336613930313930623965626630393266356163313061336530
3764353231363263376561356633633335323563343234390a343139333834386362636131353532
34366162356364356462336239666563633132663063383736393666353731333139323063353338
3861356430386633640a616264363439353133366465666233336233306633343162636332396363
31353263653836353865626633383630393666316366666462353032656462626339646364656233
35383032323535663165656438376566623566393764656636386133633530643933663033313461
62626664316634326338323131303131343462623466613964373232633964303530636437313061
30373365356630396331363163666137646335663864363666373632663934323361353637636232
33383361663435306138616536386334313532313135343865616233623833663566353631623738
37376436303238653763666237626434643561366361646139613032356537396365353637613037
39313165636234393231353337363338636563633566393433363134653435353631393835646632
61663939346564643233613765376339306530363264616165396535346363383430316232313762
34373964313766356639656266623764363332653439316137653330343034303866
