$ANSIBLE_VAULT;1.1;AES256
35386534666565663666373330626630326163303739386431376532343761313836323431383836
3932653062373433666439316262333761633135333536310a653031643530316462626535666631
62623637316532636265656232633861323631383836656230326137343165653430633865323565
3965313437303935340a656639633230356634333034383966306566313332373835646364343762
32663536326266366330643438393862333934363138383836663437336164393732653333333337
39626437613539396130376263616432343837663135376137646532303031656131366539343663
31326561643439346630383434626265643337623637316630646532353837363835653132306362
38656539316663633831336634663862613663323138613536366662373763393831306231663263
63323361643366613365316238366637383964323637396261643039306438663763643934636430
37633764386562343530323965396533346261373933653537393364373838336636303866626637
38373961346230633762343036623134333861633935346364616562643133646266313266346433
39386238623932326132636631653435663037663733323235623639333230326565393563373434
3534
