$ANSIBLE_VAULT;1.1;AES256
33376362386531333865626363393362336639383935313633623736346638356561353934396536
3539646136613230366635356263373134353163313134610a333438633865393535613865616232
64643235343137653132373862376131633065666564646432363232636461303336306539636330
6330643933623131320a626663306666313934393661373864383539343535343532316337623835
32336137666261366134313062326135666434316630396635633638636535323036346332633636
38643636316362333162653462613637656361363039383736303565306637656338626664363732
37383434323965386534366636653461303663303637633133316230333365383031616533336638
38376464376439353431373263613836363434393031363034353730633432653734333239646132
32613462353962303565613765623763336338616439643466363461663830306131326364323162
35353237666565306363393436613338393036333363653361353831346466636363363662616264
613730373661613263616137643662313831
