$ANSIBLE_VAULT;1.1;AES256
36373531623232643737643036313561383063353331613339393734373563353063636535363631
3666643864373761376263643437613437666637633165660a363263383933656331373431646166
37366536623963656662326364343730376536316630623365306266363832356439316135303538
6434666634396361620a656336636433626531623938333465343338323863393933316432333336
31636636306433323439346361373563303235633130636363383962393233336635326136346565
66346165396561323163646539623231323833376433363933316130373937613034343563663538
63373730666164386436613465623963613432336639636133666531386330343431373831393362
62653636653262643535613835333564666161313739333162656164613133613337353132333837
63633030613730396561323638626463613766383438333330646463383830333265303932303662
63616139313236386436386633366266643034303431326534346366613662633531643131386331
396138373730303239623730316438393937
